_lxsdk_cuid=18e3ae00003c8-0f1945bfc72804-1d525637-16a7f0-18e3ae00003c8; _lxsdk=18e3ae00003c8-0f1945bfc72804-1d525637-16a7f0-18e3ae00003c8; _hc.v=fab55066-6c57-9ca6-afad-3948d9f55b90.1710384742; WEBDFPID=04u77yw718v451v2z3z7983vyu3vu19w807248y426v979587wz072z6-2043901579028-1728541578443QGMQYWE75613c134b6a252faa6802015be905511615; s_ViewType=10; ctu=a17bf2269bde7571ef95045d97e40c7d0894532531c34a0d22da0f511a85010c; fspop=test; Hm_lvt_602b80cf8079ae6591966cc70a3940e7=1728541626,1728617542; HMACCOUNT=6268ABCE099E5936; Hm_lvt_1099875750d85512c80065e2d3365ff4=1728617630; cy=4; cye=guangzhou; qruuid=f94b6ff9-46b1-42db-b1a2-2cf611a73e8a; dplet=643dd007a113e5708b6f285937d300b1; dper=02027923297775687960f8d170fe128a3c29965dac3502fc5b8cf7c7bc57cfade182fa0b2cddc812bc1cef8507f3528e8bd488b370aae3dfc3e20000000079230000744d1ad7ccd668c2e546bd976cd918852a1001d164267aa3f4283d99a1e87d6b9d0010ab0d72c17cd02659364965a5e0; ll=7fd06e815b796be3df069dec7836c3df; ua=Rice_; logan_session_token=c8yurdrkk9v2t0ikkzn8; Hm_lpvt_1099875750d85512c80065e2d3365ff4=1728624461; _lx_utm=utm_source%3DBaidu%26utm_medium%3Dorganic; Hm_lpvt_602b80cf8079ae6591966cc70a3940e7=1728633041; _lxsdk_s=192798318b0-333-4fb-5fd%7C%7C910
_lxsdk_cuid=18e3ae00003c8-0f1945bfc72804-1d525637-16a7f0-18e3ae00003c8; _lxsdk=18e3ae00003c8-0f1945bfc72804-1d525637-16a7f0-18e3ae00003c8; _hc.v=fab55066-6c57-9ca6-afad-3948d9f55b90.1710384742; WEBDFPID=04u77yw718v451v2z3z7983vyu3vu19w807248y426v979587wz072z6-2043901579028-1728541578443QGMQYWE75613c134b6a252faa6802015be905511615; s_ViewType=10; ctu=a17bf2269bde7571ef95045d97e40c7d0894532531c34a0d22da0f511a85010c; fspop=test; Hm_lvt_602b80cf8079ae6591966cc70a3940e7=1728541626,1728617542; HMACCOUNT=6268ABCE099E5936; Hm_lvt_1099875750d85512c80065e2d3365ff4=1728617630; cy=4; cye=guangzhou; _lx_utm=utm_source%3DBaidu%26utm_medium%3Dorganic; qruuid=eb121dcf-cef1-44f4-b708-81f2a15532d1; dplet=f8061cb8db726a2be25f064791c905b9; dper=020212268fccb1bb4da3e42f7a39d7bcc558426ebd3b22d052ff2dbc51b8797604e02bbbfa0b8c9ad265ccc8a696328a58d6aabeeac69e4fb3ff0000000079230000ca428d4b167eea62750bdbe044067ac0644a98766fd9d088e6ce92594bddea0fed7de9bc9a8b8270681cbf284fdd0645; ll=7fd06e815b796be3df069dec7836c3df; ua=%E6%B8%85%E8%84%91; logan_session_token=7a12dut0c96h8aeq3nrx; Hm_lpvt_1099875750d85512c80065e2d3365ff4=1728633115; _lxsdk_s=192798318b0-333-4fb-5fd%7C%7C1033; Hm_lpvt_602b80cf8079ae6591966cc70a3940e7=1728633149